123023
128060
128053
128056
123011
123018
113514
128057
113527
128049
128044
123019
113521
127003
113524
110047
128033
113528
128025
113526
128050
110052
128018
113016
113519
113505
113017
128040
123004
113513
128043
123010
128021
128034
113525
110043
128048
128042
123017
128030
110056
127007
128039
123014
113512
110051
128058
113012
113523
113503
128051
113020
123021
110048
110040
128055
110033
128027
113515
110053
123013
113509
110046
123009
113522
128054
127006
113011
123001
113508
123002
128019
110041
113504
110042
110050
127010
110055
128038
113008
110054
113517
123007
113516
127011
128045
113518
113510
113019
123022
128024
113529
128036
123012
110049
113021
127005
128014
113520
113506
113013
128047
123016
123015
127009
128059
110034
123003
128026
113507
113022
110030
113511
128020
123020
113015
113009
128046
128029
110038
110045
128016
128017
128037
128035
113502
113018
128032
128015
128010
113014
110044
128023
128028
123006
128041
123008
128022
127004
110031
128012
127008
128052
128013