128012
132002
113007
110046
113010
132010
132012
120001
132013
128092
110030
123019
110003
110054
123009
110007
132005
113028
128084
110017
128055
110015
110042
113517
123026
128099
123040
113022
113544
110023
113510
113512
123032
113031
128011
113540
128027
113507
113514
127010
128098
113503
128024
113506
113553
128047
128068
123016
113531
113515
113501
127009
128045
110022
129031
113018
110049
110050
113002
113003
128059
128088
128020
128001
113019
123001
127002
110035
123006
113571
128089
113547
128067
113513
110039
125887
113533
113006
128004
113554
123005
113001
128006
128009
128016
132001
128061
126729
113558
128058
110020
110024
128003
123021
113015
113523
113529
113522
110016
110027
113539
125731
128005
113020
110029
123036
128060
110040
113005
113521
123008
128077
110018
123037
110019
110032
128080
110028
113518
123003
128054
113538
123041
110025
128008
128086
113511
110011
110012
113551
128043
123020
125089
128038
113552
113581
128002
128007
113555