128062
127018
128085
113527
127019
110072
113589
128100
128132
128087
113569
128044
113017
128037
113596
110045
123004
128023
110058
113535
128015
128033
128032
123073
113505
113524
123011
127013
128081
113528
113600
128018
113024
110070
113039
113530
128127
128117
128072
110052
110059
113532
123023
113026
113502
128022
113519
113597
128076
128014
113573
128083
113036
123069
110064
127007
123024
113576
123071
113608
127016
128124
128025
128013
113525
128118
123076
128026
128069
113557
113595
113591
123028
113599
128049
123077
128120
123067
128042
113568
113549
127006
113584
113546
113014
113574
110056
128063
113021
128125
128122
113033
110071
113566
113570
127014
110074
123078
123007
123054
128066
127012
128128
110031
128116
128131
110038
113030
113594
113534
113508
127023
113037
110068
113578
113588
128082
110047
110063
128133
128034
123053
113008
128093
110053
123075
127021
110077
113516
123010
113601
127003
128051
128035
110041
113012
123068
128101
123059
113606
128073
110034
110033
128107
113027
128094
128129
128064
113542
128123
113016
128071
110048
113559
113541
128074
113563
110057
128056
123039
128130
123049
123064
128039
113561
128105
110060
123063
128114
110062
123002
113567
113009
127020
128134
128137
113604
113603
113577
123033
113536
127025
113602
113034
110067
110043
113598
110051
123051
128010
113579
113572
123035
128021
110073
113565
123057
113575
128057
127017
113607
123025
128075
123066
110061
128113
128109
127015
123047
123056
113013
128040
128104
123050
128108
127024
123060
113593
123048
113605
128048
128106
128121
128070
128136
110065
127011
123062
128135
128096
113011
110075
113562
113025
123065
123045
113564
123012
110076
128079
128050
110069
127005
123052
127022
128097
123070
123038
128046
128091
123014
128078
113032
123061
128019
113583
113504
113526
128036
113545
123044
113040
113556
123017
123055
128119
128090
123043
123074
128126
113550
128053
113587
113548
113041
113029
123058
128111
113590
123046
128017
123030
123022
113537
113038
128112
113585
123072
128103
110066
113592
110055
128030
128029
123027
113580
128102
123042
127004
113543
123034
113509
128095
128065
128028
128115
113582
128110
113520
128041
113035
123031
127008
110044
123018
123015
128052
113586
123013
123029